Scores matrix (Matrix A)
                      0     1     2     3     4     5     6     7     8     9     10     
а                    0.000 0.000 0.000 0.020 0.000 0.000 0.000 0.000 0.000 0.000 0.000 
адаптивный           0.000 0.000 0.000 0.000 0.000 0.000 0.000 0.000 0.012 0.000 0.000 
алгебра              0.025 0.000 0.000 0.000 0.000 0.000 0.000 0.000 0.000 0.000 0.000 
аналитически         0.000 0.000 0.000 0.000 0.000 0.000 0.000 0.000 0.000 0.000 0.018 
аппарат              0.000 0.000 0.000 0.000 0.000 0.000 0.000 0.000 0.000 0.020 0.013 
аппроксимация        0.000 0.012 0.000 0.000 0.000 0.021 0.000 0.000 0.000 0.000 0.000 
асимптотически       0.000 0.000 0.000 0.000 0.000 0.000 0.000 0.000 0.000 0.000 0.018 
ассоциативный        0.025 0.000 0.000 0.000 0.000 0.000 0.000 0.000 0.000 0.000 0.000 
без                  0.000 0.000 0.000 0.000 0.000 0.000 0.000 0.000 0.024 0.000 0.000 
безударный           0.000 0.000 0.000 0.000 0.000 0.000 0.000 0.000 0.012 0.000 0.000 
бесконечный          0.000 0.000 0.000 0.020 0.000 0.000 0.000 0.000 0.000 0.000 0.000 
более                0.000 0.000 0.000 0.000 0.014 0.000 0.000 0.000 0.000 0.000 0.000 
большой              0.000 0.000 0.030 0.000 0.000 0.000 0.000 0.000 0.000 0.000 0.000 
брунный              0.000 0.000 0.000 0.000 0.000 0.000 0.026 0.000 0.000 0.000 0.000 
быть                 0.000 0.000 0.015 0.000 0.000 0.000 0.000 0.000 0.000 0.000 0.000 
в                    0.003 0.001 0.001 0.002 0.001 0.001 0.003 0.001 0.001 0.001 0.001 
вводить              0.025 0.000 0.000 0.000 0.000 0.000 0.000 0.000 0.000 0.000 0.000 
вейерштрасса         0.000 0.000 0.000 0.000 0.014 0.000 0.000 0.000 0.000 0.000 0.000 
вектор               0.000 0.000 0.000 0.000 0.000 0.000 0.000 0.000 0.000 0.027 0.000 
взаимосвязь          0.000 0.000 0.000 0.020 0.000 0.000 0.000 0.000 0.000 0.000 0.000 
вид                  0.011 0.007 0.000 0.026 0.000 0.000 0.006 0.000 0.000 0.000 0.000 
влияние              0.000 0.000 0.000 0.000 0.000 0.000 0.000 0.000 0.000 0.000 0.018 
внешний              0.000 0.000 0.000 0.000 0.000 0.000 0.000 0.000 0.000 0.000 0.036 
воздействие          0.000 0.000 0.000 0.000 0.000 0.000 0.000 0.000 0.017 0.000 0.013 
возмущение           0.000 0.000 0.000 0.000 0.000 0.000 0.000 0.019 0.000 0.000 0.000 
волна                0.000 0.024 0.000 0.000 0.000 0.000 0.000 0.000 0.017 0.000 0.000 
вопрос               0.000 0.000 0.015 0.000 0.000 0.000 0.000 0.000 0.000 0.000 0.000 
вращаться            0.000 0.000 0.000 0.000 0.000 0.000 0.000 0.000 0.000 0.027 0.000 
вращение             0.000 0.000 0.000 0.000 0.000 0.000 0.000 0.000 0.000 0.027 0.000 
временной            0.000 0.000 0.000 0.000 0.000 0.014 0.000 0.000 0.000 0.000 0.000 
время                0.000 0.000 0.000 0.000 0.000 0.010 0.000 0.000 0.000 0.000 0.013 
всевозможный         0.000 0.000 0.000 0.000 0.000 0.000 0.000 0.019 0.000 0.000 0.000 
входной              0.000 0.000 0.000 0.000 0.000 0.000 0.000 0.038 0.000 0.000 0.000 
выбор                0.000 0.000 0.000 0.000 0.014 0.000 0.000 0.000 0.000 0.000 0.000 
выделение            0.000 0.000 0.000 0.000 0.000 0.000 0.000 0.000 0.012 0.000 0.000 
высокоскоростной     0.000 0.000 0.000 0.000 0.000 0.000 0.000 0.000 0.012 0.000 0.000 
вычислительный       0.000 0.000 0.000 0.000 0.000 0.014 0.000 0.000 0.000 0.000 0.000 
выявлять             0.000 0.000 0.000 0.000 0.000 0.000 0.000 0.000 0.012 0.000 0.000 
вязкий               0.000 0.000 0.000 0.000 0.000 0.000 0.000 0.000 0.000 0.027 0.000 
газовый              0.000 0.000 0.000 0.000 0.000 0.000 0.000 0.000 0.012 0.000 0.000 
гахов                0.000 0.000 0.000 0.000 0.027 0.000 0.000 0.000 0.000 0.000 0.000 
где                  0.025 0.000 0.000 0.000 0.000 0.000 0.000 0.000 0.000 0.000 0.000 
гильбертов           0.000 0.000 0.000 0.000 0.000 0.000 0.000 0.019 0.000 0.000 0.000 
гиперболический      0.000 0.000 0.000 0.000 0.027 0.000 0.000 0.000 0.000 0.000 0.000 
гиперплоскость       0.000 0.000 0.000 0.000 0.000 0.000 0.013 0.000 0.000 0.000 0.000 
гладкость            0.000 0.016 0.000 0.000 0.000 0.000 0.000 0.000 0.000 0.000 0.000 
голоморфный          0.000 0.000 0.000 0.000 0.027 0.000 0.000 0.000 0.000 0.000 0.000 
градиент             0.000 0.000 0.030 0.000 0.000 0.000 0.000 0.000 0.000 0.000 0.000 
градиентный          0.000 0.016 0.000 0.000 0.000 0.000 0.000 0.000 0.000 0.000 0.000 
граница              0.000 0.000 0.011 0.000 0.000 0.000 0.000 0.000 0.009 0.000 0.000 
граничный            0.000 0.016 0.000 0.000 0.000 0.000 0.000 0.000 0.000 0.000 0.000 
давление             0.000 0.000 0.000 0.000 0.000 0.000 0.000 0.000 0.000 0.000 0.036 
дальнейший           0.000 0.000 0.000 0.000 0.000 0.000 0.000 0.000 0.012 0.000 0.000 
данна                0.000 0.000 0.000 0.000 0.000 0.000 0.000 0.000 0.000 0.027 0.000 
данный               0.000 0.000 0.000 0.020 0.000 0.000 0.000 0.000 0.000 0.000 0.000 
два                  0.000 0.000 0.007 0.009 0.006 0.000 0.000 0.000 0.000 0.012 0.000 
движение             0.000 0.000 0.000 0.000 0.000 0.000 0.000 0.000 0.000 0.027 0.000 
двойной              0.025 0.000 0.000 0.000 0.000 0.000 0.000 0.000 0.000 0.000 0.000 
двупараметрический   0.000 0.000 0.000 0.000 0.000 0.000 0.000 0.019 0.000 0.000 0.000 
действие             0.000 0.000 0.000 0.000 0.014 0.000 0.000 0.000 0.000 0.000 0.000 
диапазон             0.000 0.000 0.000 0.000 0.000 0.000 0.000 0.000 0.036 0.000 0.000 
динамика             0.000 0.000 0.000 0.000 0.010 0.000 0.000 0.000 0.009 0.000 0.000 
динамически          0.000 0.000 0.000 0.000 0.000 0.000 0.000 0.000 0.012 0.000 0.000 
дирихла              0.000 0.000 0.000 0.000 0.000 0.014 0.000 0.000 0.000 0.000 0.000 
дифференциальный     0.000 0.000 0.000 0.000 0.000 0.000 0.000 0.019 0.000 0.000 0.000 
для                  0.000 0.004 0.002 0.002 0.003 0.003 0.003 0.004 0.000 0.003 0.002 
доказательство       0.000 0.000 0.000 0.000 0.000 0.000 0.026 0.000 0.000 0.000 0.000 
доказывать           0.000 0.000 0.000 0.000 0.000 0.016 0.007 0.011 0.000 0.000 0.000 
дополнительность     0.000 0.000 0.000 0.000 0.000 0.000 0.000 0.019 0.000 0.000 0.000 
дополнительный       0.000 0.009 0.000 0.000 0.008 0.000 0.000 0.011 0.000 0.000 0.000 
достаточный          0.000 0.016 0.000 0.000 0.000 0.000 0.000 0.000 0.000 0.000 0.000 
друг                 0.000 0.000 0.000 0.000 0.000 0.000 0.000 0.028 0.000 0.039 0.000 
евклидов             0.000 0.000 0.000 0.000 0.000 0.000 0.013 0.000 0.000 0.000 0.000 
единичный            0.000 0.000 0.000 0.000 0.014 0.000 0.000 0.000 0.000 0.000 0.000 
единственность       0.000 0.000 0.000 0.000 0.027 0.000 0.000 0.000 0.000 0.000 0.000 
единственный         0.000 0.000 0.000 0.000 0.000 0.014 0.000 0.000 0.000 0.000 0.000 
же                   0.018 0.000 0.000 0.000 0.010 0.000 0.000 0.000 0.000 0.000 0.000 
жесткий              0.000 0.000 0.000 0.000 0.000 0.000 0.000 0.000 0.012 0.000 0.000 
жидкий               0.000 0.000 0.000 0.000 0.000 0.000 0.000 0.000 0.012 0.000 0.000 
жидкость             0.000 0.000 0.000 0.000 0.000 0.000 0.000 0.000 0.017 0.039 0.000 
зависеть             0.000 0.000 0.000 0.000 0.014 0.000 0.000 0.000 0.000 0.000 0.000 
задача               0.000 0.007 0.003 0.000 0.003 0.019 0.000 0.008 0.000 0.006 0.008 
заполнять            0.000 0.000 0.000 0.000 0.000 0.000 0.000 0.000 0.000 0.000 0.018 
и                    0.004 0.001 0.002 0.004 0.004 0.002 0.002 0.000 0.001 0.002 0.003 
идеал                0.025 0.000 0.000 0.000 0.000 0.000 0.000 0.000 0.000 0.000 0.000 
из                   0.000 0.000 0.000 0.020 0.000 0.000 0.000 0.000 0.000 0.000 0.000 
известно             0.000 0.000 0.015 0.000 0.000 0.000 0.000 0.000 0.000 0.000 0.000 
известный            0.000 0.000 0.000 0.000 0.020 0.000 0.000 0.014 0.000 0.000 0.000 
изменение            0.000 0.000 0.000 0.000 0.000 0.000 0.000 0.000 0.012 0.000 0.000 
изучать              0.000 0.000 0.000 0.020 0.000 0.000 0.000 0.000 0.000 0.000 0.000 
иметь                0.000 0.009 0.008 0.000 0.000 0.000 0.007 0.000 0.000 0.000 0.000 
интегральный         0.000 0.000 0.000 0.000 0.000 0.000 0.000 0.000 0.000 0.000 0.036 
интерполировать      0.000 0.000 0.015 0.000 0.000 0.000 0.000 0.000 0.000 0.000 0.000 
интерполяционный     0.000 0.000 0.015 0.000 0.000 0.000 0.000 0.000 0.000 0.000 0.000 
интерполяция         0.000 0.000 0.075 0.000 0.000 0.000 0.000 0.000 0.000 0.000 0.000 
искомый              0.000 0.016 0.000 0.000 0.000 0.000 0.000 0.000 0.000 0.000 0.000 
использование        0.000 0.000 0.000 0.000 0.000 0.010 0.000 0.000 0.000 0.000 0.026 
использовать         0.000 0.000 0.011 0.000 0.000 0.000 0.000 0.000 0.000 0.020 0.000 
использоваться       0.000 0.000 0.000 0.000 0.008 0.000 0.007 0.000 0.007 0.000 0.000 
исследование         0.000 0.000 0.000 0.000 0.000 0.000 0.009 0.000 0.009 0.000 0.000 
исследовать          0.000 0.000 0.007 0.009 0.006 0.000 0.000 0.009 0.000 0.000 0.000 
итерационный         0.000 0.000 0.000 0.000 0.000 0.014 0.000 0.000 0.000 0.000 0.000 
иузел                0.000 0.000 0.015 0.000 0.000 0.000 0.000 0.000 0.000 0.000 0.000 
к                    0.000 0.000 0.000 0.000 0.008 0.000 0.000 0.000 0.026 0.000 0.010 
капелли              0.099 0.000 0.000 0.000 0.000 0.000 0.000 0.000 0.000 0.000 0.000 
квазилевнеровский    0.000 0.000 0.000 0.000 0.027 0.000 0.000 0.000 0.000 0.000 0.000 
квазимногочлен       0.025 0.000 0.000 0.000 0.000 0.000 0.000 0.000 0.000 0.000 0.000 
класс                0.011 0.000 0.000 0.000 0.006 0.000 0.006 0.009 0.000 0.000 0.000 
когда                0.000 0.012 0.000 0.000 0.000 0.000 0.009 0.000 0.000 0.000 0.000 
комплекснозначный    0.000 0.016 0.000 0.000 0.000 0.000 0.000 0.000 0.000 0.000 0.000 
конец                0.000 0.000 0.000 0.000 0.000 0.000 0.000 0.000 0.012 0.000 0.000 
конечно              0.000 0.000 0.000 0.000 0.000 0.014 0.000 0.000 0.000 0.000 0.000 
конкретный           0.000 0.000 0.000 0.000 0.000 0.000 0.013 0.000 0.000 0.000 0.000 
конструкция          0.025 0.000 0.000 0.000 0.000 0.000 0.000 0.000 0.000 0.000 0.000 
контекст             0.000 0.016 0.000 0.000 0.000 0.000 0.000 0.000 0.000 0.000 0.000 
конус                0.000 0.000 0.000 0.000 0.000 0.000 0.000 0.000 0.024 0.000 0.000 
конусообразный       0.000 0.000 0.000 0.000 0.000 0.000 0.000 0.000 0.012 0.000 0.000 
который              0.000 0.000 0.000 0.000 0.008 0.000 0.007 0.000 0.000 0.000 0.010 
коши                 0.000 0.000 0.000 0.000 0.014 0.000 0.000 0.000 0.000 0.000 0.000 
коэффициент          0.000 0.024 0.000 0.000 0.000 0.000 0.000 0.000 0.000 0.000 0.013 
краевой              0.000 0.016 0.000 0.000 0.000 0.000 0.000 0.000 0.000 0.000 0.000 
кратный              0.025 0.000 0.000 0.000 0.000 0.000 0.000 0.000 0.000 0.000 0.000 
критический          0.000 0.000 0.000 0.000 0.027 0.000 0.000 0.000 0.000 0.000 0.000 
кроме                0.018 0.000 0.000 0.014 0.000 0.000 0.000 0.000 0.000 0.000 0.000 
круг                 0.000 0.000 0.000 0.000 0.014 0.000 0.000 0.000 0.000 0.000 0.000 
круговой             0.000 0.000 0.000 0.000 0.000 0.000 0.000 0.000 0.000 0.000 0.018 
кусочно              0.000 0.000 0.015 0.000 0.000 0.000 0.000 0.000 0.000 0.000 0.000 
лагранж              0.000 0.000 0.015 0.000 0.000 0.000 0.000 0.000 0.000 0.000 0.000 
лама                 0.000 0.016 0.000 0.000 0.000 0.000 0.000 0.000 0.000 0.000 0.000 
лаплас               0.000 0.000 0.000 0.000 0.000 0.000 0.000 0.000 0.000 0.000 0.018 
линейный             0.000 0.000 0.000 0.000 0.000 0.014 0.000 0.000 0.000 0.000 0.000 
линия                0.000 0.000 0.000 0.000 0.014 0.000 0.000 0.000 0.000 0.000 0.000 
луч                  0.000 0.000 0.000 0.000 0.014 0.000 0.000 0.000 0.000 0.000 0.000 
малый                0.000 0.000 0.017 0.000 0.000 0.000 0.000 0.000 0.007 0.015 0.000 
маркс                0.000 0.000 0.000 0.000 0.014 0.000 0.000 0.000 0.000 0.000 0.000 
масса                0.000 0.000 0.000 0.000 0.000 0.000 0.026 0.000 0.000 0.000 0.000 
между                0.022 0.000 0.000 0.018 0.000 0.000 0.000 0.000 0.000 0.012 0.008 
межфазный            0.000 0.000 0.000 0.000 0.000 0.000 0.000 0.000 0.012 0.000 0.000 
место                0.000 0.000 0.000 0.000 0.000 0.000 0.013 0.000 0.000 0.000 0.000 
метод                0.000 0.009 0.000 0.000 0.000 0.000 0.000 0.021 0.007 0.000 0.000 
метода               0.000 0.000 0.000 0.000 0.000 0.010 0.000 0.014 0.000 0.000 0.000 
минимум              0.000 0.000 0.000 0.000 0.000 0.000 0.038 0.000 0.000 0.000 0.000 
минковский           0.000 0.000 0.000 0.000 0.000 0.000 0.026 0.000 0.000 0.000 0.000 
многий               0.000 0.000 0.000 0.000 0.000 0.000 0.013 0.000 0.000 0.000 0.000 
многочлен            0.124 0.000 0.000 0.000 0.000 0.000 0.000 0.000 0.000 0.000 0.000 
множество            0.014 0.000 0.000 0.089 0.008 0.000 0.000 0.000 0.000 0.000 0.000 
моделирование        0.000 0.000 0.000 0.000 0.000 0.000 0.000 0.000 0.012 0.000 0.000 
может                0.000 0.000 0.015 0.000 0.000 0.000 0.000 0.000 0.000 0.000 0.000 
момент               0.000 0.000 0.000 0.000 0.000 0.000 0.038 0.000 0.000 0.000 0.000 
монотонный           0.000 0.000 0.000 0.040 0.000 0.000 0.000 0.000 0.000 0.000 0.000 
мс                   0.000 0.000 0.000 0.000 0.000 0.000 0.000 0.000 0.012 0.000 0.000 
на                   0.000 0.004 0.002 0.000 0.003 0.003 0.002 0.002 0.003 0.003 0.002 
наблюдаться          0.000 0.000 0.000 0.000 0.000 0.000 0.000 0.000 0.000 0.027 0.000 
наблюдение           0.000 0.000 0.000 0.000 0.000 0.014 0.000 0.000 0.000 0.000 0.000 
наклон               0.000 0.000 0.000 0.000 0.000 0.000 0.000 0.000 0.036 0.000 0.000 
наличие              0.000 0.000 0.000 0.000 0.000 0.014 0.000 0.000 0.000 0.000 0.000 
настоящий            0.000 0.000 0.000 0.000 0.000 0.000 0.013 0.000 0.000 0.000 0.000 
находить             0.000 0.000 0.000 0.000 0.000 0.000 0.009 0.014 0.000 0.000 0.000 
не                   0.000 0.000 0.000 0.000 0.010 0.000 0.009 0.000 0.000 0.000 0.000 
независимость        0.000 0.000 0.000 0.000 0.000 0.000 0.000 0.019 0.000 0.000 0.000 
неконцентрический    0.000 0.000 0.000 0.000 0.000 0.000 0.000 0.000 0.000 0.027 0.000 
некоторые            0.025 0.000 0.000 0.000 0.000 0.000 0.000 0.000 0.000 0.000 0.000 
неположительность    0.000 0.000 0.000 0.000 0.014 0.000 0.000 0.000 0.000 0.000 0.000 
непрерывный          0.000 0.012 0.000 0.000 0.000 0.000 0.000 0.028 0.000 0.000 0.000 
неравенство          0.000 0.000 0.000 0.000 0.010 0.000 0.028 0.000 0.000 0.000 0.000 
несжимаемый          0.000 0.000 0.000 0.000 0.000 0.000 0.000 0.000 0.000 0.027 0.000 
нестационарный       0.000 0.000 0.000 0.000 0.000 0.000 0.000 0.000 0.000 0.000 0.036 
новый                0.000 0.000 0.000 0.000 0.027 0.000 0.000 0.000 0.000 0.000 0.000 
нормальный           0.000 0.000 0.000 0.000 0.000 0.000 0.000 0.000 0.000 0.000 0.018 
обладать             0.000 0.016 0.000 0.000 0.000 0.000 0.000 0.000 0.000 0.000 0.000 
область              0.000 0.000 0.008 0.000 0.000 0.008 0.014 0.000 0.000 0.000 0.000 
обобщать             0.018 0.000 0.000 0.000 0.000 0.000 0.009 0.000 0.000 0.000 0.000 
обобщенный           0.000 0.009 0.000 0.000 0.000 0.008 0.000 0.011 0.000 0.000 0.000 
оболочка             0.000 0.000 0.000 0.000 0.000 0.000 0.000 0.000 0.000 0.000 0.036 
общий                0.000 0.012 0.000 0.000 0.000 0.000 0.009 0.000 0.000 0.000 0.000 
ограничение          0.000 0.000 0.000 0.000 0.000 0.028 0.000 0.000 0.000 0.000 0.000 
ограниченный         0.000 0.000 0.000 0.000 0.000 0.000 0.000 0.019 0.000 0.000 0.000 
один                 0.000 0.000 0.000 0.000 0.010 0.000 0.009 0.000 0.000 0.000 0.000 
одномерный           0.000 0.016 0.000 0.000 0.000 0.000 0.000 0.000 0.000 0.000 0.000 
однопараметрический  0.000 0.000 0.000 0.000 0.000 0.000 0.000 0.019 0.000 0.000 0.000 
означать             0.000 0.016 0.000 0.000 0.000 0.000 0.000 0.000 0.000 0.000 0.000 
она                  0.000 0.000 0.007 0.000 0.000 0.013 0.000 0.000 0.005 0.000 0.008 
они                  0.036 0.000 0.000 0.000 0.000 0.000 0.009 0.000 0.000 0.000 0.000 
оператор             0.000 0.000 0.000 0.000 0.000 0.000 0.000 0.038 0.000 0.000 0.000 
описание             0.000 0.000 0.000 0.020 0.000 0.000 0.000 0.000 0.000 0.000 0.000 
описывать            0.000 0.000 0.000 0.000 0.000 0.014 0.000 0.000 0.000 0.000 0.000 
определенный         0.000 0.000 0.000 0.020 0.000 0.000 0.000 0.000 0.000 0.000 0.000 
оптимальный          0.000 0.000 0.000 0.000 0.000 0.043 0.000 0.000 0.000 0.000 0.000 
оригинал             0.000 0.000 0.000 0.000 0.000 0.000 0.000 0.000 0.000 0.000 0.018 
основа               0.000 0.000 0.000 0.000 0.000 0.000 0.000 0.000 0.012 0.000 0.000 
основной             0.014 0.000 0.000 0.011 0.000 0.000 0.000 0.011 0.000 0.000 0.000 
основывать           0.000 0.000 0.000 0.000 0.010 0.000 0.000 0.014 0.000 0.000 0.000 
осуществлять         0.000 0.000 0.000 0.000 0.000 0.000 0.000 0.000 0.000 0.000 0.018 
ось                  0.000 0.000 0.000 0.000 0.000 0.000 0.000 0.000 0.000 0.027 0.000 
от                   0.000 0.000 0.000 0.000 0.006 0.000 0.000 0.009 0.005 0.012 0.000 
отмечать             0.000 0.000 0.000 0.000 0.000 0.000 0.013 0.000 0.000 0.000 0.000 
относительно         0.000 0.000 0.000 0.000 0.000 0.000 0.013 0.000 0.000 0.000 0.000 
отрезок              0.000 0.016 0.000 0.000 0.000 0.000 0.000 0.000 0.000 0.000 0.000 
отсутствие           0.000 0.016 0.000 0.000 0.000 0.000 0.000 0.000 0.000 0.000 0.000 
отходить             0.000 0.000 0.000 0.000 0.000 0.000 0.000 0.000 0.012 0.000 0.000 
оценка               0.000 0.000 0.015 0.000 0.000 0.000 0.000 0.000 0.000 0.000 0.000 
пара                 0.000 0.000 0.000 0.040 0.000 0.000 0.000 0.000 0.000 0.000 0.000 
параболический       0.000 0.000 0.000 0.000 0.000 0.043 0.000 0.000 0.000 0.000 0.000 
параллельный         0.000 0.000 0.000 0.000 0.000 0.000 0.000 0.000 0.000 0.027 0.000 
параметр             0.000 0.000 0.022 0.000 0.010 0.000 0.000 0.000 0.000 0.000 0.000 
параметрический      0.000 0.000 0.000 0.000 0.000 0.000 0.000 0.019 0.000 0.000 0.000 
пенлеве              0.000 0.000 0.000 0.000 0.014 0.000 0.000 0.000 0.000 0.000 0.000 
переменный           0.000 0.000 0.011 0.000 0.000 0.000 0.009 0.000 0.000 0.000 0.000 
перемещение          0.000 0.000 0.000 0.000 0.000 0.000 0.000 0.000 0.000 0.000 0.018 
переход              0.000 0.000 0.000 0.000 0.000 0.000 0.000 0.000 0.024 0.000 0.000 
плавный              0.000 0.000 0.000 0.000 0.000 0.000 0.000 0.000 0.012 0.000 0.000 
плоский              0.000 0.000 0.000 0.000 0.000 0.000 0.000 0.000 0.012 0.000 0.000 
по                   0.000 0.000 0.020 0.000 0.000 0.006 0.000 0.000 0.011 0.000 0.008 
поверхностный        0.000 0.016 0.000 0.000 0.000 0.000 0.000 0.000 0.000 0.000 0.000 
поверхность          0.000 0.000 0.000 0.000 0.000 0.000 0.000 0.000 0.009 0.020 0.000 
пограничный          0.000 0.000 0.015 0.000 0.000 0.000 0.000 0.000 0.000 0.000 0.000 
погрешность          0.000 0.012 0.022 0.000 0.000 0.000 0.000 0.000 0.000 0.000 0.000 
подготовительный     0.000 0.000 0.000 0.000 0.014 0.000 0.000 0.000 0.000 0.000 0.000 
подтверждать         0.000 0.000 0.000 0.000 0.000 0.000 0.013 0.000 0.000 0.000 0.000 
показывать           0.000 0.009 0.000 0.011 0.000 0.000 0.000 0.000 0.000 0.015 0.000 
поле                 0.025 0.000 0.000 0.000 0.000 0.000 0.000 0.000 0.000 0.000 0.000 
полиномиальный       0.000 0.000 0.015 0.000 0.000 0.000 0.000 0.000 0.000 0.000 0.000 
полусферический      0.000 0.000 0.000 0.000 0.000 0.000 0.000 0.000 0.012 0.000 0.000 
получать             0.000 0.000 0.007 0.009 0.006 0.000 0.006 0.000 0.000 0.000 0.000 
получение            0.000 0.000 0.000 0.000 0.000 0.000 0.000 0.000 0.000 0.000 0.018 
понятие              0.000 0.012 0.000 0.014 0.000 0.000 0.000 0.000 0.000 0.000 0.000 
порождать            0.000 0.000 0.000 0.000 0.014 0.000 0.000 0.000 0.000 0.000 0.000 
порядок              0.000 0.012 0.011 0.000 0.000 0.000 0.000 0.000 0.000 0.000 0.000 
посвящать            0.000 0.000 0.000 0.000 0.000 0.000 0.013 0.000 0.000 0.000 0.000 
последовательность   0.000 0.000 0.000 0.060 0.000 0.000 0.000 0.000 0.000 0.000 0.000 
постановка           0.000 0.000 0.000 0.000 0.000 0.000 0.000 0.000 0.000 0.027 0.000 
построение           0.000 0.000 0.000 0.000 0.000 0.000 0.026 0.000 0.000 0.000 0.000 
построить            0.000 0.009 0.000 0.000 0.000 0.016 0.000 0.000 0.000 0.000 0.010 
поточечный           0.000 0.000 0.000 0.000 0.000 0.014 0.000 0.000 0.000 0.000 0.000 
правый               0.000 0.000 0.000 0.000 0.000 0.014 0.000 0.000 0.000 0.000 0.000 
предельно            0.000 0.000 0.000 0.040 0.000 0.000 0.000 0.000 0.000 0.000 0.000 
предлагать           0.000 0.000 0.011 0.000 0.000 0.000 0.009 0.000 0.000 0.000 0.000 
предполагаться       0.000 0.000 0.015 0.000 0.000 0.000 0.000 0.000 0.000 0.000 0.000 
представлять         0.000 0.000 0.015 0.000 0.000 0.000 0.000 0.000 0.000 0.000 0.000 
предшварциан         0.000 0.000 0.000 0.000 0.014 0.000 0.000 0.000 0.000 0.000 0.000 
предшварциана        0.000 0.000 0.000 0.000 0.014 0.000 0.000 0.000 0.000 0.000 0.000 
преобразование       0.000 0.000 0.000 0.000 0.000 0.000 0.000 0.000 0.000 0.000 0.018 
при                  0.000 0.007 0.003 0.000 0.000 0.003 0.003 0.000 0.005 0.006 0.004 
приводить            0.009 0.000 0.000 0.000 0.005 0.005 0.005 0.000 0.000 0.000 0.006 
применение           0.000 0.000 0.000 0.000 0.010 0.000 0.000 0.000 0.000 0.000 0.013 
пример               0.000 0.000 0.000 0.000 0.000 0.000 0.009 0.000 0.000 0.000 0.013 
принцип              0.000 0.000 0.000 0.000 0.000 0.000 0.000 0.000 0.000 0.000 0.018 
присоединять         0.000 0.000 0.000 0.000 0.000 0.000 0.000 0.000 0.012 0.000 0.000 
пристеночный         0.000 0.000 0.000 0.000 0.000 0.000 0.000 0.000 0.012 0.000 0.000 
проводить            0.000 0.000 0.000 0.000 0.000 0.000 0.000 0.000 0.012 0.000 0.000 
продемонстрировать   0.000 0.000 0.000 0.000 0.014 0.000 0.000 0.000 0.000 0.000 0.000 
производная          0.000 0.000 0.000 0.000 0.014 0.000 0.000 0.000 0.000 0.000 0.000 
производный          0.000 0.000 0.011 0.000 0.010 0.000 0.000 0.000 0.000 0.000 0.000 
произвольный         0.025 0.000 0.000 0.000 0.000 0.000 0.000 0.000 0.000 0.000 0.000 
происходить          0.000 0.000 0.000 0.000 0.000 0.000 0.000 0.000 0.012 0.000 0.000 
пространственный     0.000 0.000 0.000 0.000 0.000 0.014 0.000 0.000 0.000 0.000 0.000 
пространство         0.000 0.009 0.000 0.000 0.000 0.000 0.007 0.011 0.000 0.000 0.000 
прохождение          0.000 0.016 0.000 0.000 0.000 0.000 0.000 0.000 0.000 0.000 0.000 
процесс              0.000 0.000 0.000 0.000 0.000 0.000 0.000 0.000 0.012 0.000 0.000 
прямой               0.000 0.000 0.000 0.000 0.000 0.000 0.000 0.000 0.012 0.000 0.000 
прямоугольный        0.000 0.000 0.015 0.000 0.000 0.000 0.000 0.000 0.000 0.000 0.000 
псевдообращение      0.000 0.000 0.000 0.000 0.000 0.000 0.000 0.019 0.000 0.000 0.000 
работа               0.014 0.000 0.000 0.011 0.000 0.000 0.021 0.000 0.000 0.000 0.000 
рабочий              0.000 0.016 0.000 0.000 0.000 0.000 0.000 0.000 0.000 0.000 0.000 
равномерный          0.000 0.000 0.045 0.000 0.000 0.000 0.000 0.000 0.000 0.000 0.000 
радиально            0.000 0.000 0.000 0.000 0.000 0.000 0.000 0.000 0.012 0.000 0.000 
радиальный           0.000 0.000 0.000 0.000 0.000 0.000 0.000 0.000 0.000 0.027 0.000 
различный            0.000 0.000 0.000 0.000 0.000 0.000 0.000 0.000 0.000 0.027 0.000 
разложение           0.018 0.000 0.000 0.000 0.000 0.000 0.000 0.000 0.000 0.000 0.013 
разностный           0.000 0.012 0.000 0.000 0.000 0.010 0.000 0.000 0.000 0.000 0.000 
разрешимость         0.000 0.000 0.000 0.000 0.014 0.000 0.000 0.000 0.000 0.000 0.000 
ранее                0.000 0.000 0.000 0.000 0.000 0.000 0.000 0.019 0.000 0.000 0.000 
распределенный       0.000 0.000 0.000 0.000 0.000 0.014 0.000 0.000 0.000 0.000 0.000 
рассматривать        0.007 0.009 0.000 0.000 0.000 0.008 0.000 0.005 0.003 0.008 0.000 
расстояние           0.000 0.000 0.000 0.000 0.000 0.000 0.000 0.000 0.000 0.027 0.000 
растекание           0.000 0.000 0.000 0.000 0.000 0.000 0.000 0.000 0.024 0.000 0.000 
растекаться          0.000 0.000 0.000 0.000 0.000 0.000 0.000 0.000 0.012 0.000 0.000 
расчет               0.000 0.000 0.000 0.000 0.000 0.000 0.000 0.000 0.000 0.000 0.018 
реализоваться        0.000 0.000 0.000 0.000 0.000 0.000 0.000 0.000 0.024 0.000 0.000 
регуляризация        0.000 0.000 0.000 0.000 0.000 0.000 0.000 0.038 0.000 0.000 0.000 
режим                0.000 0.000 0.000 0.000 0.000 0.000 0.000 0.000 0.036 0.000 0.000 
резкий               0.000 0.000 0.000 0.000 0.000 0.000 0.000 0.000 0.012 0.000 0.000 
результат            0.000 0.000 0.008 0.000 0.000 0.008 0.000 0.021 0.000 0.000 0.000 
решать               0.000 0.000 0.000 0.000 0.000 0.000 0.000 0.000 0.000 0.000 0.018 
решение              0.000 0.006 0.005 0.000 0.000 0.015 0.000 0.007 0.000 0.010 0.000 
ряд                  0.000 0.000 0.000 0.000 0.000 0.000 0.000 0.000 0.000 0.000 0.036 
с                    0.000 0.000 0.010 0.000 0.000 0.006 0.006 0.008 0.010 0.006 0.012 
сам                  0.000 0.016 0.000 0.000 0.000 0.000 0.000 0.000 0.000 0.000 0.000 
свободный            0.025 0.000 0.000 0.000 0.000 0.000 0.000 0.000 0.000 0.000 0.000 
сводимость           0.000 0.000 0.000 0.120 0.000 0.000 0.000 0.000 0.000 0.000 0.000 
сводить              0.000 0.000 0.000 0.000 0.000 0.000 0.000 0.000 0.000 0.000 0.018 
свойство             0.018 0.000 0.000 0.014 0.000 0.000 0.000 0.000 0.000 0.000 0.000 
связанный            0.000 0.000 0.000 0.000 0.000 0.000 0.000 0.019 0.000 0.000 0.000 
связывать            0.000 0.000 0.000 0.000 0.000 0.000 0.013 0.000 0.000 0.000 0.000 
связь                0.025 0.000 0.000 0.000 0.000 0.000 0.000 0.000 0.000 0.000 0.000 
сгущаться            0.000 0.000 0.015 0.000 0.000 0.000 0.000 0.000 0.000 0.000 0.000 
седловой             0.000 0.000 0.000 0.000 0.000 0.028 0.000 0.000 0.000 0.000 0.000 
семейство            0.000 0.000 0.000 0.043 0.020 0.000 0.000 0.000 0.000 0.000 0.000 
сетка                0.000 0.000 0.022 0.000 0.000 0.000 0.000 0.000 0.009 0.000 0.000 
сеточный             0.000 0.000 0.000 0.000 0.000 0.014 0.000 0.000 0.000 0.000 0.000 
система              0.000 0.009 0.000 0.000 0.000 0.016 0.000 0.000 0.000 0.015 0.000 
скорость             0.000 0.000 0.000 0.000 0.000 0.000 0.000 0.000 0.009 0.020 0.000 
следовать            0.000 0.000 0.000 0.000 0.000 0.000 0.013 0.000 0.000 0.000 0.000 
слой                 0.000 0.012 0.011 0.000 0.000 0.000 0.000 0.000 0.000 0.000 0.000 
служить              0.000 0.000 0.000 0.000 0.000 0.014 0.000 0.000 0.000 0.000 0.000 
случай               0.000 0.007 0.007 0.000 0.000 0.000 0.023 0.009 0.000 0.000 0.000 
со                   0.000 0.000 0.000 0.000 0.000 0.000 0.000 0.000 0.012 0.000 0.000 
соболева             0.000 0.016 0.000 0.000 0.000 0.000 0.000 0.000 0.000 0.000 0.000 
совпадать            0.000 0.000 0.000 0.000 0.000 0.000 0.013 0.000 0.000 0.000 0.000 
совпадение           0.000 0.000 0.000 0.000 0.000 0.000 0.013 0.000 0.000 0.000 0.000 
содержать            0.000 0.000 0.000 0.000 0.000 0.014 0.000 0.000 0.000 0.000 0.000 
соответствовать      0.000 0.000 0.008 0.011 0.000 0.000 0.000 0.000 0.007 0.000 0.000 
соответствующий      0.000 0.007 0.000 0.000 0.006 0.006 0.006 0.000 0.000 0.000 0.000 
соотношение          0.018 0.000 0.000 0.000 0.000 0.000 0.000 0.000 0.000 0.000 0.026 
состояние            0.000 0.000 0.000 0.000 0.000 0.028 0.000 0.000 0.000 0.000 0.000 
состоять             0.000 0.000 0.000 0.020 0.000 0.000 0.000 0.000 0.000 0.000 0.000 
специальный          0.000 0.000 0.000 0.060 0.000 0.000 0.000 0.000 0.000 0.000 0.000 
среда                0.000 0.000 0.000 0.000 0.000 0.000 0.000 0.000 0.000 0.000 0.018 
стабилизация         0.000 0.000 0.000 0.000 0.000 0.000 0.000 0.019 0.000 0.000 0.000 
старший              0.000 0.000 0.015 0.000 0.000 0.000 0.000 0.000 0.000 0.000 0.000 
стенка               0.000 0.000 0.000 0.000 0.000 0.000 0.000 0.000 0.059 0.000 0.000 
степенный            0.000 0.000 0.000 0.000 0.000 0.000 0.013 0.000 0.000 0.000 0.000 
струя                0.000 0.000 0.000 0.000 0.000 0.000 0.000 0.000 0.036 0.000 0.000 
сумматорный          0.000 0.016 0.000 0.000 0.000 0.000 0.000 0.000 0.000 0.000 0.000 
суперпозиция         0.000 0.000 0.000 0.000 0.000 0.000 0.000 0.000 0.000 0.000 0.018 
существенный         0.000 0.000 0.000 0.000 0.000 0.000 0.013 0.000 0.000 0.000 0.000 
существование        0.000 0.000 0.000 0.000 0.000 0.021 0.009 0.000 0.000 0.000 0.000 
сфера                0.000 0.000 0.000 0.000 0.000 0.000 0.000 0.000 0.000 0.027 0.000 
сферический          0.000 0.000 0.000 0.000 0.000 0.000 0.000 0.000 0.000 0.027 0.000 
сформулировать       0.000 0.016 0.000 0.000 0.000 0.000 0.000 0.000 0.000 0.000 0.000 
схема                0.000 0.016 0.000 0.000 0.000 0.000 0.000 0.000 0.000 0.000 0.000 
сходимость           0.000 0.000 0.000 0.000 0.000 0.010 0.000 0.014 0.000 0.000 0.000 
счетный              0.025 0.000 0.000 0.000 0.000 0.000 0.000 0.000 0.000 0.000 0.000 
также                0.000 0.000 0.000 0.020 0.000 0.000 0.000 0.000 0.000 0.000 0.000 
такой                0.000 0.000 0.030 0.000 0.000 0.000 0.000 0.000 0.000 0.000 0.000 
теорема              0.000 0.000 0.000 0.000 0.027 0.000 0.000 0.000 0.000 0.000 0.000 
термин               0.000 0.000 0.000 0.029 0.010 0.000 0.000 0.000 0.000 0.000 0.000 
течение              0.000 0.000 0.000 0.000 0.000 0.000 0.000 0.000 0.000 0.027 0.000 
тип                  0.014 0.000 0.000 0.000 0.008 0.000 0.007 0.000 0.000 0.000 0.000 
то                   0.036 0.000 0.000 0.014 0.000 0.000 0.000 0.000 0.000 0.000 0.000 
тождество            0.000 0.016 0.000 0.000 0.000 0.000 0.000 0.000 0.000 0.000 0.000 
только               0.000 0.000 0.000 0.000 0.000 0.000 0.013 0.000 0.000 0.000 0.000 
тонкий               0.000 0.000 0.000 0.000 0.000 0.000 0.000 0.000 0.000 0.000 0.018 
тот                  0.000 0.000 0.000 0.000 0.014 0.000 0.000 0.000 0.000 0.000 0.000 
точка                0.000 0.000 0.000 0.000 0.020 0.000 0.028 0.000 0.000 0.000 0.000 
три                  0.000 0.000 0.000 0.000 0.000 0.000 0.000 0.000 0.012 0.000 0.000 
у                    0.000 0.000 0.015 0.000 0.000 0.000 0.000 0.000 0.000 0.000 0.000 
увеличение           0.000 0.000 0.000 0.000 0.000 0.000 0.000 0.000 0.024 0.000 0.000 
угловой              0.000 0.000 0.000 0.000 0.000 0.000 0.000 0.000 0.000 0.027 0.000 
угол                 0.000 0.000 0.000 0.000 0.000 0.000 0.000 0.000 0.071 0.000 0.000 
удаваться            0.000 0.000 0.000 0.000 0.000 0.000 0.013 0.000 0.000 0.000 0.000 
удалять              0.000 0.000 0.000 0.000 0.000 0.000 0.000 0.000 0.000 0.027 0.000 
удар                 0.000 0.000 0.000 0.000 0.000 0.000 0.000 0.000 0.024 0.000 0.000 
ударный              0.000 0.000 0.000 0.000 0.000 0.000 0.000 0.000 0.024 0.000 0.000 
удзав                0.000 0.000 0.000 0.000 0.000 0.014 0.000 0.000 0.000 0.000 0.000 
удовлетворять        0.000 0.000 0.000 0.000 0.020 0.000 0.000 0.014 0.000 0.000 0.000 
узел                 0.000 0.000 0.015 0.000 0.000 0.000 0.000 0.000 0.000 0.000 0.000 
указывать            0.018 0.000 0.000 0.000 0.010 0.000 0.000 0.000 0.000 0.000 0.000 
униформизация        0.000 0.000 0.000 0.000 0.014 0.000 0.000 0.000 0.000 0.000 0.000 
управление           0.000 0.000 0.000 0.000 0.000 0.071 0.000 0.000 0.000 0.000 0.000 
упругий              0.000 0.012 0.000 0.000 0.000 0.000 0.000 0.000 0.000 0.000 0.026 
уравнение            0.000 0.014 0.004 0.000 0.015 0.012 0.000 0.005 0.003 0.000 0.000 
уровень              0.000 0.000 0.000 0.000 0.014 0.000 0.000 0.000 0.000 0.000 0.000 
условие              0.000 0.018 0.000 0.000 0.008 0.000 0.000 0.021 0.000 0.000 0.000 
устанавливать        0.036 0.000 0.000 0.000 0.000 0.000 0.000 0.014 0.000 0.000 0.000 
устанавливаться      0.000 0.000 0.000 0.000 0.000 0.000 0.000 0.000 0.012 0.000 0.000 
устойчивость         0.000 0.000 0.000 0.000 0.000 0.000 0.000 0.019 0.000 0.000 0.000 
уточнять             0.000 0.000 0.000 0.000 0.000 0.000 0.000 0.019 0.000 0.000 0.000 
физический           0.000 0.033 0.000 0.000 0.000 0.000 0.000 0.000 0.000 0.000 0.000 
форма                0.000 0.000 0.000 0.000 0.014 0.000 0.000 0.000 0.000 0.000 0.000 
формула              0.000 0.000 0.015 0.000 0.000 0.000 0.000 0.000 0.000 0.000 0.000 
функционал           0.000 0.000 0.000 0.000 0.000 0.010 0.046 0.000 0.000 0.000 0.000 
функция              0.000 0.007 0.013 0.000 0.015 0.006 0.003 0.004 0.000 0.000 0.008 
фурье                0.000 0.000 0.000 0.000 0.000 0.000 0.000 0.000 0.000 0.000 0.018 
х                    0.000 0.000 0.000 0.000 0.000 0.000 0.013 0.000 0.000 0.000 0.000 
хадвигер             0.000 0.000 0.000 0.000 0.000 0.000 0.013 0.000 0.000 0.000 0.000 
хорнич               0.000 0.000 0.000 0.000 0.014 0.000 0.000 0.000 0.000 0.000 0.000 
цель                 0.000 0.000 0.000 0.000 0.000 0.014 0.000 0.000 0.000 0.000 0.000 
центр                0.000 0.000 0.000 0.000 0.000 0.000 0.026 0.000 0.000 0.000 0.000 
цилиндрический       0.000 0.000 0.000 0.000 0.000 0.000 0.000 0.000 0.009 0.000 0.013 
частное              0.000 0.000 0.000 0.000 0.000 0.000 0.000 0.019 0.000 0.000 0.000 
частность            0.025 0.000 0.000 0.000 0.000 0.000 0.000 0.000 0.000 0.000 0.000 
частный              0.000 0.000 0.000 0.000 0.000 0.000 0.026 0.000 0.000 0.000 0.000 
частота              0.000 0.016 0.000 0.000 0.000 0.000 0.000 0.000 0.000 0.000 0.000 
часть                0.000 0.000 0.000 0.000 0.000 0.014 0.000 0.000 0.000 0.000 0.000 
через                0.018 0.012 0.000 0.000 0.000 0.000 0.000 0.000 0.000 0.000 0.000 
численный            0.000 0.000 0.011 0.000 0.000 0.000 0.000 0.000 0.017 0.000 0.000 
что                  0.000 0.005 0.008 0.000 0.004 0.000 0.007 0.000 0.003 0.008 0.000 
шаровой              0.000 0.000 0.000 0.000 0.000 0.000 0.000 0.000 0.000 0.027 0.000 
шишкин               0.000 0.000 0.015 0.000 0.000 0.000 0.000 0.000 0.000 0.000 0.000 
штрохеккер           0.000 0.000 0.000 0.000 0.014 0.000 0.000 0.000 0.000 0.000 0.000 
эквивалентный        0.000 0.000 0.000 0.000 0.000 0.000 0.000 0.000 0.000 0.000 0.018 
эксперимент          0.000 0.000 0.011 0.000 0.000 0.010 0.000 0.000 0.000 0.000 0.000 
эллиптический        0.000 0.000 0.015 0.000 0.000 0.000 0.000 0.000 0.000 0.000 0.000 
это                  0.000 0.012 0.000 0.000 0.000 0.000 0.000 0.000 0.000 0.000 0.013 
являться             0.000 0.007 0.007 0.000 0.000 0.000 0.006 0.000 0.000 0.000 0.008 
явный                0.000 0.000 0.000 0.000 0.000 0.008 0.007 0.000 0.007 0.000 0.000 
ядро                 0.000 0.000 0.000 0.000 0.000 0.000 0.000 0.000 0.000 0.000 0.018 
якобиан              0.000 0.000 0.000 0.000 0.014 0.000 0.000 0.000 0.000 0.000 0.000
